181445013106851840,997.7457482941533,14,7,36,19,0,2,2020-10-19T21:34:36,null,997.7457482941533,997.7457482941533,997.7457482941533,997.7457482941533,997.7457482941533,997.7457482941533,997.7457482941533,997.7457482941533,997.7457482941533,997.7457482941533,997.7457482941533,997.7457482941533,997.7457482941533,997.7457482941533
105307315544051712,988.8858752304617,7,3,15,6,0,2,2020-10-22T17:26:36,null,988.8858752304617,988.8858752304617,988.8858752304617,988.8858752304617,988.8858752304617,988.8858752304617,988.8858752304617,988.8858752304617,988.8858752304617,988.8858752304617,988.8858752304617,988.8858752304617,988.8858752304617,988.8858752304617
209722098124455936,941.7049667767307,14,4,19,5,0,2,2021-01-11T12:39:26,null,941.7049667767307,950.605861404694,950.605861404694,940.3066122863021,950.504601387245,950.504601387245,960.7579701137643,960.7579701137643,950.5268999584828,960.7958716962158,960.7958716962158,950.637003744865,950.637003744865,938.665318222812
397733810906857473,1023.4977021905335,15,9,41,22,0,4,2020-10-18T21:21:36,null,1023.4977021905335,1023.4977021905335,1023.4977021905335,1023.4977021905335,1023.4977021905335,1023.4977021905335,1023.4977021905335,1023.4977021905335,1023.4977021905335,1023.4977021905335,1023.4977021905335,1023.4977021905335,1023.4977021905335,1023.4977021905335
513395822805909520,1009.67425787221,1,1,2,2,1,1,2020-10-16T16:25:53,null,1009.67425787221,1009.67425787221,1009.67425787221,1009.67425787221,1009.67425787221,1009.67425787221,1009.67425787221,1009.67425787221,1009.67425787221,1009.67425787221,1009.67425787221,1009.67425787221,1009.67425787221,1009.67425787221
361193537850572820,1015.7742038397303,8,5,22,11,2,2,2020-10-19T21:50:50,null,1015.7742038397303,1015.7742038397303,1015.7742038397303,1015.7742038397303,1015.7742038397303,1015.7742038397303,1015.7742038397303,1015.7742038397303,1015.7742038397303,1015.7742038397303,1015.7742038397303,1015.7742038397303,1015.7742038397303,1015.7742038397303
346693619484327938,999.3457364909422,2,1,4,2,0,1,2020-10-16T16:25:53,null,999.3457364909422,999.3457364909422,999.3457364909422,999.3457364909422,999.3457364909422,999.3457364909422,999.3457364909422,999.3457364909422,999.3457364909422,999.3457364909422,999.3457364909422,999.3457364909422,999.3457364909422,999.3457364909422
276793895751254029,1017.0770005235582,28,16,67,37,1,5,2020-10-25T15:49:22,null,1017.0770005235582,1017.0770005235582,1017.0770005235582,1017.0770005235582,1017.0770005235582,1017.0770005235582,1017.0770005235582,1017.0770005235582,1017.0770005235582,1017.0770005235582,1017.0770005235582,1017.0770005235582,1017.0770005235582,1017.0770005235582
259031785759965185,1006.7019797357078,8,4,20,9,0,4,2020-10-25T15:49:22,null,1006.7019797357078,1006.7019797357078,1006.7019797357078,1006.7019797357078,1006.7019797357078,1006.7019797357078,1006.7019797357078,1006.7019797357078,1006.7019797357078,1006.7019797357078,1006.7019797357078,1006.7019797357078,1006.7019797357078,1006.7019797357078
253532065096663042,974.580794644513,14,6,36,18,0,2,2020-10-18T22:00:32,null,974.580794644513,974.580794644513,974.580794644513,974.580794644513,974.580794644513,974.580794644513,974.580794644513,974.580794644513,974.580794644513,974.580794644513,974.580794644513,974.580794644513,974.580794644513,974.580794644513
198101631110348801,926.4125424157849,34,13,85,37,0,2,2020-10-25T15:49:22,null,926.4125424157849,926.4125424157849,926.4125424157849,926.4125424157849,926.4125424157849,926.4125424157849,926.4125424157849,926.4125424157849,926.4125424157849,926.4125424157849,926.4125424157849,926.4125424157849,926.4125424157849,926.4125424157849
399120960906854411,925.2060210468727,52,21,114,47,0,5,2021-01-11T12:39:26,null,925.2060210468727,933.9509694044064,933.9509694044064,943.7001913574284,932.918962892983,932.918962892983,922.0775543851956,922.0775543851956,931.7382259366665,920.8673083113057,920.8673083113057,930.4482458509924,930.4482458509924,918.2098606166247
434302061249822732,952.7840124496661,11,3,28,11,1,1,2020-10-14T20:21:11,null,952.7840124496661,952.7840124496661,952.7840124496661,952.7840124496661,952.7840124496661,952.7840124496661,952.7840124496661,952.7840124496661,952.7840124496661,952.7840124496661,952.7840124496661,952.7840124496661,952.7840124496661,952.7840124496661
267758976425263114,1039.1872802902938,19,11,49,28,2,4,2020-10-25T15:49:22,null,1039.1872802902938,1039.1872802902938,1039.1872802902938,1039.1872802902938,1039.1872802902938,1039.1872802902938,1039.1872802902938,1039.1872802902938,1039.1872802902938,1039.1872802902938,1039.1872802902938,1039.1872802902938,1039.1872802902938,1039.1872802902938
426823312669278208,972.3839094745838,11,4,28,11,1,1,2020-10-19T21:50:50,null,972.3839094745838,972.3839094745838,972.3839094745838,972.3839094745838,972.3839094745838,972.3839094745838,972.3839094745838,972.3839094745838,972.3839094745838,972.3839094745838,972.3839094745838,972.3839094745838,972.3839094745838,972.3839094745838
140910456540758016,1008.7034689870161,1,1,2,2,1,1,2020-10-17T16:47:58,null,1008.7034689870161,1008.7034689870161,1008.7034689870161,1008.7034689870161,1008.7034689870161,1008.7034689870161,1008.7034689870161,1008.7034689870161,1008.7034689870161,1008.7034689870161,1008.7034689870161,1008.7034689870161,1008.7034689870161,1008.7034689870161
306456353961017354,1012.4366330996058,17,9,46,23,4,4,2020-10-15T17:00:35,null,1012.4366330996058,1012.4366330996058,1012.4366330996058,1012.4366330996058,1012.4366330996058,1012.4366330996058,1012.4366330996058,1012.4366330996058,1012.4366330996058,1012.4366330996058,1012.4366330996058,1012.4366330996058,1012.4366330996058,1012.4366330996058
280372509470097410,992.5504664104403,46,23,105,52,1,6,2021-01-11T12:39:26,null,992.5504664104403,983.627055268355,983.627055268355,993.89483033895,983.6698421911399,983.6698421911399,994.2809739862123,994.2809739862123,984.4019736815014,995.0369131521735,995.0369131521735,1005.3895301128907,1005.3895301128907,1017.6001615264317
520415968091045888,936.4202426928305,7,1,17,5,0,1,2020-10-18T21:15:23,null,936.4202426928305,936.4202426928305,936.4202426928305,936.4202426928305,936.4202426928305,936.4202426928305,936.4202426928305,936.4202426928305,936.4202426928305,936.4202426928305,936.4202426928305,936.4202426928305,936.4202426928305,936.4202426928305
273537473450213376,1081.1992731506416,15,12,38,25,0,7,2020-10-25T15:35:05,null,1081.1992731506416,1081.1992731506416,1081.1992731506416,1081.1992731506416,1081.1992731506416,1081.1992731506416,1081.1992731506416,1081.1992731506416,1081.1992731506416,1081.1992731506416,1081.1992731506416,1081.1992731506416,1081.1992731506416,1081.1992731506416
334415405827358720,1064.3059108364546,15,11,35,26,2,5,2020-10-25T15:49:22,null,1064.3059108364546,1064.3059108364546,1064.3059108364546,1064.3059108364546,1064.3059108364546,1064.3059108364546,1064.3059108364546,1064.3059108364546,1064.3059108364546,1064.3059108364546,1064.3059108364546,1064.3059108364546,1064.3059108364546,1064.3059108364546
436845534125490196,1000.1113103419741,4,2,11,6,0,2,2020-10-08T21:45:52,null,1000.1113103419741,1000.1113103419741,1000.1113103419741,1000.1113103419741,1000.1113103419741,1000.1113103419741,1000.1113103419741,1000.1113103419741,1000.1113103419741,1000.1113103419741,1000.1113103419741,1000.1113103419741,1000.1113103419741,1000.1113103419741
307852221599449090,1000.7176989810634,4,2,10,5,0,2,2020-10-18T22:00:32,null,1000.7176989810634,1000.7176989810634,1000.7176989810634,1000.7176989810634,1000.7176989810634,1000.7176989810634,1000.7176989810634,1000.7176989810634,1000.7176989810634,1000.7176989810634,1000.7176989810634,1000.7176989810634,1000.7176989810634,1000.7176989810634
204621728004046848,989.8720475262955,1,0,3,1,0,0,2020-10-15T17:58:09,null,989.8720475262955,989.8720475262955,989.8720475262955,989.8720475262955,989.8720475262955,989.8720475262955,989.8720475262955,989.8720475262955,989.8720475262955,989.8720475262955,989.8720475262955,989.8720475262955,989.8720475262955,989.8720475262955
308329388552880129,1006.9432430383163,5,2,13,5,0,2,2020-10-10T17:29:10,null,1006.9432430383163,1006.9432430383163,1006.9432430383163,1006.9432430383163,1006.9432430383163,1006.9432430383163,1006.9432430383163,1006.9432430383163,1006.9432430383163,1006.9432430383163,1006.9432430383163,1006.9432430383163,1006.9432430383163,1006.9432430383163
295500490823827456,1015.0138861318246,8,5,8,5,2,2,2021-01-11T12:39:26,null,1015.0138861318246,1006.291454288413,1006.291454288413,996.5737063831878,1007.3819338945003,1007.3819338945003,997.3588418806961,997.3588418806961,1007.8082407892175,997.7752472061733,997.7752472061733,988.0005606571203,988.0005606571203,1000.0
191201904242589696,1019.7688253829633,6,4,15,10,1,3,2020-10-10T17:29:10,null,1019.7688253829633,1019.7688253829633,1019.7688253829633,1019.7688253829633,1019.7688253829633,1019.7688253829633,1019.7688253829633,1019.7688253829633,1019.7688253829633,1019.7688253829633,1019.7688253829633,1019.7688253829633,1019.7688253829633,1019.7688253829633
351160593698521110,1058.2050356297525,15,11,39,24,0,8,2020-10-25T15:49:22,null,1058.2050356297525,1058.2050356297525,1058.2050356297525,1058.2050356297525,1058.2050356297525,1058.2050356297525,1058.2050356297525,1058.2050356297525,1058.2050356297525,1058.2050356297525,1058.2050356297525,1058.2050356297525,1058.2050356297525,1058.2050356297525
